4 0.890491 0.1905 0.0480769 0.049951
4 0.874466 0.815867 0.0673077 0.0568071
4 0.225962 0.502449 0.0715812 0.0528893
4 0.111111 0.608717 0.0534188 0.049951
4 0.175214 0.646425 0.0576923 0.0470127
4 0.131944 0.79383 0.0630342 0.0440744
4 0.816774 0.148874 0.0608974 0.0509305
4 0.873932 0.373653 0.0619658 0.049951
4 0.115919 0.394711 0.0566239 0.0470127
4 0.257479 0.218413 0.0598291 0.043095
4 0.872863 0.44858 0.0619658 0.0509305
4 0.202457 0.414789 0.0566239 0.0421156
4 0.182692 0.24143 0.0598291 0.0460333
4 0.267628 0.640059 0.0673077 0.049951
4 0.78953 0.572478 0.0747863 0.0538688
4 0.307158 0.558766 0.0715812 0.0538688
4 0.355769 0.682174 0.0705128 0.0519099
4 0.207799 0.353085 0.0630342 0.0460333
4 0.430021 0.377081 0.0694444 0.0509305
4 0.625534 0.10382 0.0673077 0.0548482
4 0.857372 0.288932 0.0673077 0.0528893
4 0.794872 0.0945152 0.0576923 0.0538688
4 0.656517 0.302155 0.0801282 0.0734574
4 0.497329 0.441234 0.073718 0.0519099
4 0.621261 0.583741 0.073718 0.0509305
4 0.482372 0.664545 0.073718 0.049951
