2 0.11375 0.06 0.2275 0.11875
2 0.145833 0.887187 0.29 0.215625
2 0.62 0.8325 0.288333 0.2075
2 0.381667 0.664062 0.156667 0.140625
2 0.154583 0.960312 0.1675 0.079375
2 0.37875 0.034375 0.269167 0.0675
2 0.905833 0.7725 0.188333 0.26625
2 0.50125 0.274063 0.2525 0.166875
2 0.47375 0.567187 0.0958333 0.085625
3 0.400417 0.608125 0.0425 0.0425
2 0.45 0.543437 0.125 0.111875
3 0.89125 0.0303125 0.205833 0.060625
2 0.518333 0.598437 0.111667 0.081875
2 0.117917 0.935313 0.225833 0.129375
2 0.595 0.517812 0.145 0.114375
2 0.540833 0.532188 0.236667 0.141875
2 0.23625 0.045625 0.4725 0.08875
2 0.442083 0.686562 0.1075 0.119375
